model_name: roberta-base
freeze_backbone: false
lr: 2.2857844762768416e-05
batch_size: 32
epochs: 8
warmup_ratio: 0.10530931590816461
weight_decay: 0.07178844255019222
max_seq_len: 256
dropout: 0.21180515113060894
early_stopping_patience: 3
max_oversample: 4.063205264678089
data_dir: /data/ami_processed
output_dir: /artifacts/models
experiment_name: jitsi-topic-segmentation
seed: 42
